6282125661007,510102562661007
6282125661022,510102562661022
6282125661012,510102562661012
6282125661013,510102562661013
6282125661060,510102562661060
6282125661070,510102562661070
6282125661033,510102562661033
6282125661098,510102562661098
6282125661097,510102562661097
6282125661096,510102562661096
6282125661095,510102562661095
6282125661094,510102562661094
6282125661093,510102562661093
6282125661031,510102562661031
6282125661030,510102562661030
6282125661027,510102562661027
6282125661026,510102562661026
6282125661025,510102562661025
